ret:0.16849708175024142
mtx:
[[3.09637127e+03 0.00000000e+00 6.44718505e+02]
 [0.00000000e+00 3.09052481e+03 4.74304182e+02]
 [0.00000000e+00 0.00000000e+00 1.00000000e+00]]
dist:
[[ 5.45048804e-01 -4.96954715e+01 -1.10407388e-02  3.29199081e-02
  -2.87060785e-01]]
rvecs:
[array([[-0.11608777],
       [-0.14595346],
       [-0.02159409]]), array([[-0.11631095],
       [-0.14593459],
       [-0.02161438]]), array([[-0.11599801],
       [-0.1466671 ],
       [-0.02161288]]), array([[-0.11653156],
       [-0.14693669],
       [-0.02165544]]), array([[-0.11537537],
       [-0.14639782],
       [-0.02156993]]), array([[-0.1152689 ],
       [-0.14558479],
       [-0.02160079]]), array([[-0.11600888],
       [-0.14572789],
       [-0.02161848]]), array([[-0.11647688],
       [-0.14620644],
       [-0.02151133]]), array([[-0.11640062],
       [-0.14693004],
       [-0.02171377]]), array([[-0.11571676],
       [-0.14579435],
       [-0.02155068]]), array([[-0.11557633],
       [-0.14677723],
       [-0.02156761]]), array([[-0.11634735],
       [-0.14636059],
       [-0.02167234]]), array([[-0.11587299],
       [-0.14675648],
       [-0.02166374]]), array([[-0.11700391],
       [-0.14587495],
       [-0.02166985]]), array([[-0.11658089],
       [-0.14608173],
       [-0.02163846]])]
tvecs:
[array([[-5.13111946],
       [-4.35671108],
       [89.15697594]]), array([[-5.13148474],
       [-4.35668741],
       [89.16736048]]), array([[-5.13031461],
       [-4.35664229],
       [89.14696719]]), array([[-5.13058704],
       [-4.35661163],
       [89.1465946 ]]), array([[-5.13095196],
       [-4.35741335],
       [89.15680618]]), array([[-5.13143321],
       [-4.35617667],
       [89.17138524]]), array([[-5.13139964],
       [-4.35695183],
       [89.16622473]]), array([[-5.13060155],
       [-4.35655199],
       [89.15595594]]), array([[-5.13119256],
       [-4.3565575 ],
       [89.15074961]]), array([[-5.13113733],
       [-4.35746545],
       [89.163202  ]]), array([[-5.13056221],
       [-4.35616739],
       [89.152526  ]]), array([[-5.13074963],
       [-4.35675404],
       [89.15727075]]), array([[-5.13082761],
       [-4.35673985],
       [89.15753013]]), array([[-5.1314512 ],
       [-4.35599425],
       [89.15981927]]), array([[-5.13089978],
       [-4.35582402],
       [89.15083831]])]
