ret:0.19278121675825152
mtx:
[[4.21308662e+03 0.00000000e+00 6.43163184e+02]
 [0.00000000e+00 4.06075407e+03 4.79519116e+02]
 [0.00000000e+00 0.00000000e+00 1.00000000e+00]]
dist:
[[-1.42633191e-01  7.95818835e+01  1.50504972e-02  7.44360770e-02
   4.96249604e-01]]
rvecs:
[array([[-0.06783299],
       [-0.31398961],
       [-0.0249978 ]]), array([[-0.0680877 ],
       [-0.3132589 ],
       [-0.02505661]]), array([[-0.06846947],
       [-0.31318821],
       [-0.02501984]]), array([[-0.06861019],
       [-0.31309233],
       [-0.02501863]]), array([[-0.06806729],
       [-0.31380149],
       [-0.02500322]]), array([[-0.06867142],
       [-0.31308826],
       [-0.0250228 ]]), array([[-0.06839084],
       [-0.31355954],
       [-0.02502515]]), array([[-0.06869314],
       [-0.31364367],
       [-0.02505343]]), array([[-0.06856691],
       [-0.31374914],
       [-0.02505891]]), array([[-0.06869045],
       [-0.31307969],
       [-0.02503738]]), array([[-0.06897489],
       [-0.31325348],
       [-0.02506074]]), array([[-0.06895834],
       [-0.31338807],
       [-0.0250894 ]]), array([[-0.06865502],
       [-0.31351192],
       [-0.02510566]]), array([[-0.06850887],
       [-0.31358019],
       [-0.02510706]]), array([[-0.06881589],
       [-0.31355318],
       [-0.0251026 ]])]
tvecs:
[array([[ -5.08699426],
       [ -5.71789334],
       [116.46714136]]), array([[ -5.08794466],
       [ -5.71767065],
       [116.4827399 ]]), array([[ -5.08822338],
       [ -5.71717592],
       [116.47173584]]), array([[ -5.08831943],
       [ -5.71794864],
       [116.48055679]]), array([[ -5.08777406],
       [ -5.71693153],
       [116.4540123 ]]), array([[ -5.08845094],
       [ -5.71777122],
       [116.4819854 ]]), array([[ -5.08717023],
       [ -5.71737171],
       [116.4640463 ]]), array([[ -5.08739683],
       [ -5.71749828],
       [116.4615115 ]]), array([[ -5.08787444],
       [ -5.71759535],
       [116.45873636]]), array([[ -5.0879832 ],
       [ -5.71749268],
       [116.47875632]]), array([[ -5.08748597],
       [ -5.71799872],
       [116.47556095]]), array([[ -5.08828937],
       [ -5.71677589],
       [116.45272914]]), array([[ -5.08960855],
       [ -5.71810212],
       [116.48220585]]), array([[ -5.08921594],
       [ -5.71752988],
       [116.47189874]]), array([[ -5.08772821],
       [ -5.71634945],
       [116.45778331]])]
